20.77
238 333 0.00
390 957 0.00
186 311 0.00
410 962 0.00
380 768 0.00
41 137 0.00
684 916 0.00
607 823 0.00
26 688 0.00
325 951 0.00
484 614 0.00
482 927 0.00
311 417 0.00
100 512 0.00
49 964 0.00
102 899 0.00
275 435 0.00
257 874 0.00
48 565 0.00
153 499 0.00
154 906 0.00
866 978 0.00
591 855 0.00
455 808 0.00
544 920 0.00
239 767 0.00
148 459 0.00
419 850 0.00
266 378 0.00
110 496 0.00
369 665 0.00
764 972 0.00
272 552 0.00
306 816 0.01
430 780 0.01
231 938 0.01
145 562 0.01
263 712 0.01
51 459 0.01
439 695 0.01
200 622 0.01
779 993 0.01
194 304 0.01
860 934 0.01
71 366 0.01
338 609 0.01
241 966 0.01
23 239 0.01
174 801 0.01
380 588 0.01
102 641 0.01
223 557 0.01
400 529 0.01
20 642 0.01
267 661 0.01
144 959 0.01
307 960 0.01
538 972 0.01
30 640 0.01
618 853 0.01
119 576 0.01
426 630 0.01
97 152 0.01
465 986 0.01
168 443 0.01
302 394 0.01
332 849 0.01
274 931 0.01
521 647 0.01
548 726 0.01
245 510 0.01
120 160 0.01
159 582 0.01
21 334 0.01
436 834 0.01
348 517 0.01
68 350 0.01
469 615 0.01
61 442 0.01
353 707 0.01
741 940 0.01
322 493 0.01
287 602 0.01
141 570 0.01
236 342 0.01
411 534 0.01
57 373 0.01
410 513 0.01
39 438 0.01
678 934 0.01
711 835 0.01
483 855 0.01
170 527 0.01
76 199 0.01
5 59 0.01
457 850 0.01
299 771 0.01
691 781 0.01
486 997 0.01
92 125 0.01
142 246 0.01
348 561 0.01
288 303 0.01
18 202 0.01
12 297 0.01
289 657 0.01
798 871 0.01
68 826 0.01
124 702 0.01
2 953 0.01
161 468 0.01
446 954 0.01
49 603 0.01
266 391 0.01
387 710 0.01
5 956 0.01
293 483 0.01
286 593 0.01
90 164 0.01
543 888 0.01
143 949 0.01
396 479 0.01
226 534 0.01
261 801 0.01
316 768 0.01
674 947 0.01
753 907 0.01
736 757 0.01
8 284 0.01
596 791 0.01
120 441 0.01
88 777 0.01
228 875 0.01
648 884 0.01
627 881 0.01
144 543 0.01
55 838 0.01
579 598 0.01
457 776 0.01
345 400 0.01
96 283 0.01
2 475 0.01
25 32 0.01
258 333 0.01
578 883 0.01
504 881 0.01
80 530 0.01
574 846 0.01
162 897 0.01
399 864 0.01
789 839 0.01
1 149 0.01
402 423 0.01
18 539 0.01
243 475 0.01
702 984 0.01
84 239 0.01
192 377 0.01
942 979 0.01
369 842 0.01
34 305 0.01
282 738 0.01
240 458 0.01
454 552 0.01
346 751 0.01
7 185 0.01
10 656 0.01
252 306 0.01
291 491 0.01
236 279 0.01
112 954 0.01
723 819 0.01
211 634 0.01
0 958 0.01
150 330 0.01
217 387 0.01
746 793 0.01
524 988 0.01
354 756 0.01
60 265 0.01
184 896 0.01
205 765 0.01
319 873 0.01
144 833 0.01
280 366 0.01
534 757 0.01
704 904 0.01
612 719 0.01
389 463 0.01
692 843 0.01
53 386 0.01
821 894 0.01
246 920 0.01
508 885 0.01
547 971 0.01
563 664 0.01
114 608 0.01
224 717 0.01
392 730 0.01
10 974 0.01
74 90 0.01
240 298 0.01
699 792 0.01
402 904 0.01
145 830 0.01
730 885 0.01
167 870 0.01
157 836 0.01
89 491 0.01
139 893 0.01
487 610 0.01
601 961 0.01
506 971 0.01
8 785 0.01
705 983 0.01
298 848 0.01
935 943 0.01
359 814 0.01
554 849 0.01
360 361 0.01
95 588 0.01
360 365 0.01
645 748 0.01
439 662 0.01
839 984 0.01
208 859 0.01
47 248 0.01
160 903 0.01
384 745 0.01
224 758 0.01
542 811 0.01
27 512 0.01
128 232 0.01
136 276 0.01
370 384 0.01
203 324 0.01
497 706 0.01
59 453 0.01
723 990 0.01
31 706 0.01
516 783 0.01
356 569 0.01
352 462 0.01
454 581 0.01
222 930 0.01
783 807 0.01
752 932 0.01
228 583 0.01
611 935 0.01
351 849 0.01
520 786 0.01
231 667 0.01
58 679 0.01
384 902 0.01
37 505 0.01
17 630 0.01
358 785 0.01
35 557 0.01
470 522 0.01
910 976 0.01
138 403 0.01
733 967 0.01
263 916 0.01
43 86 0.01
104 940 0.01
605 853 0.01
63 146 0.01
65 611 0.01
627 969 0.01
675 891 0.01
94 509 0.01
514 675 0.01
244 378 0.01
414 789 0.01
694 896 0.01
636 724 0.01
214 310 0.01
413 738 0.01
253 919 0.01
57 902 0.01
16 856 0.01
467 851 0.01
824 901 0.01
434 569 0.01
948 987 0.01
495 504 0.01
66 448 0.01
211 736 0.01
266 437 0.01
15 565 0.01
197 899 0.01
40 719 0.02
822 941 0.02
84 213 0.02
98 758 0.02
249 701 0.02
733 862 0.02
463 703 0.02
65 472 0.02
113 978 0.02
665 832 0.02
33 664 0.02
113 686 0.02
12 656 0.02
269 555 0.02
19 236 0.02
53 362 0.02
220 233 0.02
265 501 0.02
17 273 0.02
126 232 0.02
284 820 0.02
545 914 0.02
778 799 0.02
307 925 0.02
59 381 0.02
43 885 0.02
110 582 0.02
191 482 0.02
253 511 0.02
749 760 0.02
643 949 0.02
585 654 0.02
281 639 0.02
190 852 0.02
374 854 0.02
692 876 0.02
92 975 0.02
696 841 0.02
499 860 0.02
626 745 0.02
227 925 0.02
765 980 0.02
163 360 0.02
396 540 0.02
188 277 0.02
368 446 0.02
531 913 0.02
119 785 0.02
75 906 0.02
408 971 0.02
606 984 0.02
727 939 0.02
599 694 0.02
223 410 0.02
130 595 0.02
488 573 0.02
54 180 0.02
189 978 0.02
659 721 0.02
775 984 0.02
115 811 0.02
568 647 0.02
221 508 0.02
165 394 0.02
45 813 0.02
653 879 0.02
291 704 0.02
73 162 0.02
253 324 0.02
104 276 0.02
101 469 0.02
284 337 0.02
641 966 0.02
443 464 0.02
198 421 0.02
29 182 0.02
22 999 0.02
806 997 0.02
290 772 0.02
125 697 0.02
234 571 0.02
432 497 0.02
418 507 0.02
127 629 0.02
800 854 0.02
204 553 0.02
877 895 0.02
561 856 0.02
81 323 0.02
464 503 0.02
165 444 0.02
366 842 0.02
139 644 0.02
156 221 0.02
399 412 0.02
598 612 0.02
24 693 0.02
398 813 0.02
69 934 0.02
116 794 0.02
649 716 0.02
235 744 0.02
145 257 0.02
494 591 0.02
153 261 0.02
580 981 0.02
125 793 0.02
203 808 0.02
193 941 0.02
54 293 0.02
261 409 0.02
278 946 0.02
382 786 0.02
671 990 0.02
184 682 0.02
346 577 0.02
182 404 0.02
374 827 0.02
47 207 0.02
95 988 0.02
265 280 0.02
127 299 0.02
138 950 0.02
260 956 0.02
0 558 0.02
465 606 0.02
373 683 0.02
207 791 0.02
193 356 0.02
390 688 0.02
418 846 0.02
882 913 0.02
413 655 0.02
269 837 0.02
590 851 0.02
458 685 0.02
248 292 0.02
79 406 0.02
329 915 0.02
54 926 0.02
478 909 0.02
422 936 0.02
424 890 0.02
131 803 0.02
135 209 0.02
229 597 0.02
201 484 0.02
3 825 0.02
252 700 0.02
381 427 0.02
75 929 0.02
15 928 0.02
172 817 0.02
20 118 0.02
128 353 0.02
44 764 0.02
23 105 0.02
341 629 0.02
190 901 0.02
269 621 0.02
96 961 0.02
412 809 0.02
5 340 0.02
19 313 0.02
786 887 0.02
489 914 0.02
136 244 0.02
166 470 0.02
624 907 0.02
515 520 0.02
946 990 0.02
148 921 0.02
294 628 0.02
113 844 0.02
435 601 0.02
309 920 0.02
282 522 0.02
845 915 0.02
572 583 0.02
357 440 0.02
336 697 0.02
11 638 0.02
143 154 0.02
264 404 0.02
69 105 0.02
295 729 0.02
91 645 0.02
196 855 0.02
393 451 0.02
651 679 0.02
161 532 0.02
397 811 0.02
812 831 0.02
689 967 0.02
639 794 0.02
707 825 0.02
176 551 0.02
285 999 0.02
169 455 0.02
101 106 0.02
538 807 0.02
219 488 0.02
445 935 0.02
159 375 0.02
401 580 0.02
316 642 0.02
15 489 0.02
708 992 0.02
185 798 0.02
724 887 0.02
292 734 0.02
691 983 0.02
65 397 0.02
67 345 0.02
551 744 0.02
289 544 0.02
30 589 0.02
326 662 0.02
674 933 0.02
256 516 0.02
511 776 0.02
202 812 0.02
33 462 0.02
9 891 0.02
301 500 0.02
364 524 0.02
180 755 0.02
191 918 0.02
467 910 0.02
308 501 0.02
933 998 0.02
300 739 0.02
784 949 0.02
471 727 0.02
456 623 0.02
174 279 0.02
255 734 0.02
287 762 0.02
444 518 0.02
519 625 0.02
304 851 0.02
671 923 0.02
237 652 0.02
107 349 0.02
921 989 0.02
505 589 0.02
608 654 0.02
87 99 0.02
526 721 0.02
213 619 0.02
158 788 0.02
438 950 0.02
607 900 0.02
361 407 0.02
703 859 0.02
212 480 0.02
657 878 0.02
681 831 0.02
127 498 0.02
238 452 0.02
322 890 0.02
48 357 0.02
701 766 0.02
171 445 0.02
558 576 0.02
672 808 0.02
739 979 0.02
363 994 0.02
77 690 0.02
17 62 0.02
401 624 0.02
638 951 0.02
181 682 0.02
385 671 0.02
215 765 0.02
278 507 0.02
29 249 0.02
315 773 0.02
415 892 0.02
376 926 0.02
27 584 0.02
580 922 0.02
490 546 0.02
220 889 0.02
527 865 0.02
619 624 0.02
704 819 0.02
763 975 0.02
614 995 0.02
301 999 0.02
829 841 0.02
667 991 0.02
363 918 0.02
621 996 0.02
70 551 0.02
66 142 0.02
312 324 0.02
77 816 0.02
655 741 0.02
31 888 0.02
831 976 0.02
650 797 0.02
19 424 0.02
364 451 0.02
247 568 0.02
6 77 0.02
426 550 0.02
343 876 0.02
377 612 0.02
275 991 0.02
476 708 0.02
70 263 0.02
687 862 0.02
128 728 0.02
171 188 0.02
682 705 0.02
152 712 0.02
429 646 0.02
762 825 0.02
778 939 0.02
587 818 0.02
277 632 0.02
118 802 0.02
296 633 0.02
594 895 0.02
4 879 0.02
52 312 0.02
415 977 0.02
676 734 0.02
294 909 0.02
633 709 0.02
715 991 0.02
212 586 0.02
183 350 0.02
911 960 0.02
933 944 0.02
836 986 0.02
588 781 0.02
492 686 0.02
386 714 0.02
210 728 0.02
546 948 0.02
485 747 0.02
268 761 0.02
674 897 0.02
643 672 0.02
249 888 0.02
866 975 0.02
914 988 0.02
759 780 0.02
205 815 0.02
226 567 0.02
178 459 0.02
368 677 0.02
420 958 0.02
302 963 0.02
85 594 0.02
516 748 0.02
886 894 0.02
7 389 0.02
408 985 0.02
303 590 0.02
355 662 0.02
187 227 0.02
531 897 0.02
530 794 0.02
395 605 0.02
106 620 0.02
596 698 0.02
85 339 0.02
899 995 0.02
425 502 0.02
450 711 0.02
528 666 0.02
158 573 0.02
76 822 0.02
69 932 0.02
472 716 0.02
112 419 0.02
407 852 0.02
4 150 0.02
42 617 0.02
93 566 0.02
37 107 0.02
479 998 0.03
520 892 0.03
131 344 0.03
456 693 0.03
60 336 0.03
635 748 0.03
448 853 0.03
110 240 0.03
492 924 0.03
217 274 0.03
93 216 0.03
909 966 0.03
220 663 0.03
3 905 0.03
646 937 0.03
105 718 0.03
123 680 0.03
172 188 0.03
79 637 0.03
592 880 0.03
179 529 0.03
165 195 0.03
560 815 0.03
99 175 0.03
741 868 0.03
318 330 0.03
549 802 0.03
724 898 0.03
186 743 0.03
740 749 0.03
750 848 0.03
149 592 0.03
225 351 0.03
943 945 0.03
52 321 0.03
151 155 0.03
190 457 0.03
2 602 0.03
21 644 0.03
74 586 0.03
178 388 0.03
94 913 0.03
14 722 0.03
87 126 0.03
83 166 0.03
792 893 0.03
109 616 0.03
690 846 0.03
32 47 0.03
313 736 0.03
218 296 0.03
146 579 0.03
375 737 0.03
541 967 0.03
218 541 0.03
577 610 0.03
510 548 0.03
62 938 0.03
272 797 0.03
100 256 0.03
268 602 0.03
211 766 0.03
109 754 0.03
840 883 0.03
575 837 0.03
251 755 0.03
58 129 0.03
533 547 0.03
405 874 0.03
228 537 0.03
41 908 0.03
532 828 0.03
90 326 0.03
450 541 0.03
166 826 0.03
245 962 0.03
199 330 0.03
147 908 0.03
83 259 0.03
219 487 0.03
173 198 0.03
227 884 0.03
114 518 0.03
267 503 0.03
156 937 0.03
944 974 0.03
73 895 0.03
191 700 0.03
14 942 0.03
141 156 0.03
79 133 0.03
198 379 0.03
417 622 0.03
274 912 0.03
271 452 0.03
245 769 0.03
820 931 0.03
250 637 0.03
377 599 0.03
208 587 0.03
858 977 0.03
486 922 0.03
613 745 0.03
382 603 0.03
372 742 0.03
455 982 0.03
883 911 0.03
477 845 0.03
115 771 0.03
305 379 0.03
637 688 0.03
952 994 0.03
121 767 0.03
53 56 0.03
89 447 0.03
258 603 0.03
659 787 0.03
64 352 0.03
453 583 0.03
214 970 0.03
485 826 0.03
87 668 0.03
403 795 0.03
788 803 0.03
367 519 0.03
49 537 0.03
809 905 0.03
286 847 0.03
254 961 0.03
318 720 0.03
526 696 0.03
81 778 0.03
510 818 0.03
200 334 0.03
50 349 0.03
312 314 0.03
262 861 0.03
756 963 0.03
260 517 0.03
46 836 0.03
216 471 0.03
529 880 0.03
341 760 0.03
473 535 0.03
235 992 0.03
310 495 0.03
9 703 0.03
91 428 0.03
58 615 0.03
78 117 0.03
304 989 0.03
250 433 0.03
179 769 0.03
282 416 0.03
281 559 0.03
122 132 0.03
431 912 0.03
460 761 0.03
421 709 0.03
331 669 0.03
464 735 0.03
523 965 0.03
331 625 0.03
90 270 0.03
149 731 0.03
600 892 0.03
461 732 0.03
504 923 0.03
122 370 0.03
195 388 0.03
616 774 0.03
620 787 0.03
207 528 0.03
904 987 0.03
414 973 0.03
762 939 0.03
45 747 0.03
631 834 0.03
354 447 0.03
108 735 0.03
829 996 0.03
230 412 0.03
163 502 0.03
422 965 0.03
222 841 0.03
676 927 0.03
257 454 0.03
316 908 0.03
788 970 0.03
617 710 0.03
684 865 0.03
134 737 0.03
660 955 0.03
167 751 0.03
393 683 0.03
451 563 0.03
173 827 0.03
344 677 0.03
429 564 0.03
638 782 0.03
161 204 0.03
201 567 0.03
88 515 0.03
476 795 0.03
38 554 0.03
215 759 0.03
13 355 0.03
490 805 0.03
628 869 0.03
476 977 0.03
478 968 0.03
359 822 0.03
540 729 0.03
466 772 0.03
431 806 0.03
206 683 0.03
251 698 0.03
197 775 0.03
21 616 0.03
71 101 0.03
742 930 0.03
636 917 0.03
26 502 0.03
477 861 0.03
817 912 0.03
528 867 0.03
177 955 0.03
442 587 0.03
271 953 0.03
562 905 0.03
122 815 0.03
140 653 0.03
87 821 0.03
317 680 0.03
46 525 0.03
428 758 0.03
28 725 0.03
108 438 0.03
301 340 0.03
167 787 0.03
372 889 0.03
347 501 0.03
343 416 0.03
571 689 0.04
494 840 0.04
631 796 0.04
506 713 0.04
523 556 0.04
165 968 0.04
749 898 0.04
631 695 0.04
790 861 0.04
130 427 0.04
135 669 0.04
417 559 0.04
773 915 0.04
251 371 0.04
649 660 0.04
570 965 0.04
72 247 0.04
94 123 0.04
206 555 0.04
536 865 0.04
604 772 0.04
523 894 0.04
34 924 0.04
540 681 0.04
259 957 0.04
221 281 0.04
356 473 0.04
302 535 0.04
685 699 0.04
325 496 0.04
575 601 0.04
18 242 0.04
658 720 0.04
505 847 0.04
38 44 0.04
739 993 0.04
327 623 0.04
7 747 0.04
449 577 0.04
456 533 0.04
461 770 0.04
273 857 0.04
155 164 0.04
335 337 0.04
134 300 0.04
338 433 0.04
56 481 0.04
36 772 0.04
656 790 0.04
474 549 0.04
367 796 0.04
117 170 0.04
584 661 0.04
72 560 0.04
810 852 0.04
828 955 0.04
605 680 0.04
328 450 0.04
109 673 0.04
56 804 0.04
713 725 0.04
872 970 0.04
151 509 0.04
36 305 0.04
120 838 0.04
194 670 0.04
481 872 0.04
640 673 0.04
383 770 0.04
343 607 0.05
843 863 0.05
78 111 0.05
103 331 0.05
86 383 0.05
371 506 0.05
55 880 0.05
129 319 0.05
82 557 0.05
229 681 0.05
597 652 0.06
320 437 0.07
